SHOPID
7357
7357
7361
9149
7893
3759
3759
8872
1649
1649
10495
4962
4962
1857
3053
556
4883
3826
3826
7983
3773
3773
3773
3773
3773
3773
3773
3773
7974
3497
4883
7276
7068
3739
9060
7913
664
664
6472
18
9337
1910
3736
7312
7967
9271
6133
3776
6472
7921
4948
7318
6270
6400
7510
6270
6400
5342
4
549
10510
5264
5654
5711
5654
654
654
7996
7996
565
4325
525
553
7307
1784
10634
664
6270
9060
3739
664
7736
1882
1882
258
9267
7921
7921
7404
7357
7357
7974
7949
5487
7949
8066
8972
8972
8860
9222
7955
7307
7502
10494
10494
9467
1996
4810
4823
4823
26
11574
4962
5175
7275
5654
4965
7308
4909
7356
7932
8066
8860
7483
9467
9467
4875
8004
8004
4875
4987
4987
4883
4883
782
4631
11572
11512
11574
11512
11572
6472
843
4872
4999
4286
5306
2176
7631
3826
7987
7932
4927
974
249
7318
7942
7942
416
4358
4927
4883
4883
4883
7913
9060
7364
7273
3864
7483
7483
7315
5027
9467
7722
7722
7722
8010
8992
4916
9305
7977
7068
3
7342
4834
7342
4875
664
7996
4875
553
3826
553
4883
5027
5027
3826
7987
9225
4947
7102
9271
8066
2162
8066
8066
8066
9225
4983
9071
3883
9164
9164
9164
5002
9130
4975
7275
1765
7950
7310
5146
553
3856
4963
7983
3864
385
18
8467
8467
8467
3209
664
7967
9050
7987
7918
5027
5027
5027
664
5487
5487
7983
9130
7913
7913
9149
4875
7893
9060
7301
5146
7308
664
5175
664
9175
7942
9124
7301
7308
6472
6157
6157
3736
7329
7273
3132
3132
3028
1881
4987
9164
664
7974
1822
5042
7982
7315
7983
1689
7275
1794
4915
416
8467
8467
7786
4962
4948
5002
1930
7722
8004
7893
5417
7390
5417
5417
7390
7318
3739
515
3775
4965
2114
3164
7922
7959
1906
3864
9211
3864
553
7935
1996
4921
8838
8015
6005
7942
7330
4549
6054
7261
7893
6270
6270
9
4883
6763
7275
0
6270
646
6709
5690
5711
5042
8066
8860
10482
26
26
741
9096
4401
7913
7357
7275
3548
7364
556
7983
5342
7399
0
416
3864
10494
3398
3452
7335
7273
3864
11327
3339
3180
4636
3209
5015
1822
6662
3201
3164
3789
530
515
3835
8860
2119
4927
664
10482
9259
4947
7390
7390
7390
4926
3739
7921
7348
7631
7307
6662
7350
537
553
6604
7967
654
4883
978
7941
7404
5331
7273
10772
7329
7918
7977
3789
249
5654
3736
3201
549
9060
7266
524
18
8860
298
3736
7329
7329
7329
3864
7329
5210
5210
5210
8860
7276
7918
1685
7472
10495
3864
18
7984
664
4684
10759
646
664
664
5950
9211
7942
6270
11572
5736
5736
1857
664
5448
549
7996
30
6260
9147
3739
664
7404
7196
5654
3763
7983
3773
3164
7217
6580
7935
3835
530
7364
416
416
3148
4883
537
9135
3427
4234
553
9225
5654
6472
6157
416
1689
782
3214
1901
10772
9646
7276
4916
4916
4340
4393
7996
7987
26
9130
9333
7310
0
4810
1046
3773
9291
664
4926
6270
2142
654
181
7318
9207
13
9333
4965
9259
7984
3058
6054
556
8860
7722
3058
4965
7155
5188
3293
664
61
10759
5982
6270
6270
11574
30
26
7786
5654
5175
741
524
9267
4810
7510
3737
515
10772
7942
1910
3427
3536
5039
3536
7786
258
7940
4947
4947
8750
549
5078
7387
6662
1832
1668
1832
1849
1849
5417
537
537
7350
8004
664
4416
9147
5654
3164
5264
8860
2142
8860
2241
416
525
7310
9175
7390
8010
3864
565
1930
3323
2162
258
4325
5027
8004
4325
7303
7310
9267
3826
4684
4637
11437
7399
7980
3737
6570
7587
553
2142
978
5654
7987
7974
7364
5733
4337
3109
7971
5606
3164
7587
0
26
9259
7114
5564
5487
7399
5331
664
6472
6270
4518
8
10503
3789
4900
9147
9147
0
8004
3542
11
380
7932
9034
11327
11327
4631
549
10510
4872
7932
4850
6005
4850
3763
9296
7308
128
10510
4850
8970
9267
664
3763
741
4719
4962
4987
7318
5736
5736
9149
1784
11327
7301
556
6140
8463
7339
5146
4875
4926
4401
654
558
8004
5078
654
4909
3028
175
7068
7348
3785
4883
9271
553
7955
8010
9222
1996
7390
6604
9149
7335
3739
7722
664
11572
7404
4719
4876
1930
7893
66
9900
4753
6472
9553
416
416
553
553
7984
7308
8970
7364
4983
7921
18
7913
4494
5120
5120
7390
6566
4554
6054
3146
1832
889
4861
3180
7390
7390
4823
7310
5010
8004
800
10494
4861
416
7941
26
11449
4983
9170
7318
8992
4631
3497
258
416
4810
7318
4862
6570
9164
6270
5027
4962
8972
2176
416
10510
6662
1814
4834
5417
66
11761
782
782
782
4876
5654
11574
5208
3826
7231
11572
4631
3164
6270
782
6566
9149
4850
7362
945
8743
945
945
5654
6712
4671
9695
7942
7736
5872
4684
5208
11574
5405
5517
4948
2142
9303
4631
4345
3826
2176
9149
7913
6662
6312
2241
7918
6712
7310
5654
5654
5654
7387
5120
6270
2134
1794
8743
258
2162
978
4460
514
1881
5950
3058
3058
3028
5129
1857
5331
7310
7921
3880
2142
4518
8000
9151
3864
7307
664
7301
7984
7987
7303
8709
8004
3739
3028
8467
8467
11572
3373
3429
3542
9321
5027
633
11751
11751
11751
11751
3180
3323
5870
9223
558
4810
6005
9170
7983
8004
4810
6210
6210
4926
3199
3864
9170
9170
514
3864
3053
9170
565
565
565
565
565
10634
4897
4897
3739
9060
633
7364
553
7310
974
3127
3053
5028
5028
533
9175
7329
9296
782
782
782
7399
10772
5027
3864
10494
7982
10494
7921
8860
6157
4940
3864
9149
7987
5654
3731
5034
3736
7974
664
741
9901
6270
6296
7935
7597
7502
5210
3339
18
3199
7068
30
1784
5654
7974
4518
10831
7722
1832
3108
10494
7921
5144
7984
1881
1881
3337
10759
8066
3536
664
5654
4617
7996
5311
9330
741
7996
7304
7141
7102
1832
4999
11574
3773
9130
7984
553
8010
0
4947
7941
5022
1930
3536
5002
394
3164
11688
11603
664
556
3864
3836
5654
7959
537
3323
549
4861
3148
4518
4554
4631
6270
7502
978
5417
3201
3201
7983
10610
6270
7982
7348
9267
7974
7310
9060
6270
664
633
5208
7977
7982
7310
11282
3864
5654
3536
3755
556
4325
664
4
936
4926
9096
525
7329
6400
26
6270
5264
10510
5264
9147
3323
1832
9321
4883
7163
5078
549
9289
9289
9321
7390
5870
5311
2142
3775
558
10503
0
8066
2155
7310
3485
4876
7984
7272
10494
3053
3147
556
4554
3132
7273
7399
3536
5417
5307
9267
4963
5027
4518
7736
7390
9900
9900
3028
3132
4719
9467
416
11761
4952
3864
7597
9922
26
7266
7221
7722
181
8004
10628
6566
1893
9023
6570
945
1046
7365
418
7360
3739
29
3880
6662
6566
7357
7984
6564
6564
26
3730
1784
1689
11282
3739
6468
7949
4883
18
10576
5227
9013
4325
9096
9096
11449
1930
3836
9435
1930
1930
1930
3180
1930
1749
7736
4883
3755
5010
3542
5742
5736
6709
5742
664
5039
8004
11574
11574
6270
11574
7722
7722
5487
6157
5487
5487
7357
30
1832
0
782
0
664
4753
26
6472
6270
6472
7510
5487
7360
4557
978
2142
9222
4981
3826
978
978
978
4897
4876
6140
11574
11574
4927
4987
664
9170
7722
7987
3427
3164
4719
5307
7631
8972
7962
782
5030
7310
7318
61
10759
553
7987
556
515
7329
6639
6400
7364
2403
4983
4983
7913
6662
11902
9170
7982
9149
3773
144
10759
6270
4518
10494
664
664
664
664
10494
4948
7984
10494
9149
9096
4549
6662
7983
2142
2176
5950
3739
1881
9164
7390
6599
7921
416
7955
1869
1869
7924
6270
10494
29
30
7984
3759
11825
11825
1689
26
7231
3028
2240
4340
10503
7978
8066
8066
9207
1784
1882
1723
525
1265
6093
936
1790
1059
9096
5654
249
6763
6763
2119
2162
7399
7987
7959
9149
9901
3164
10494
26
9267
7141
7141
6472
128
6270
7356
10634
5342
4631
7163
3074
6367
7308
4636
3201
7273
18
7962
3214
7318
7982
3864
4965
2240
1649
3365
664
3028
3164
9130
556
7974
3427
8467
3164
5950
5950
7390
10494
9646
11825
249
3864
4947
249
782
9289
11449
4617
7587
429
7335
9259
422
7273
3836
5078
33
7275
8066
7913
1906
7365
7587
7318
9228
524
7261
8860
7955
5540
7130
1778
26
5307
10634
915
10617
7273
26
9050
9130
4671
7983
5134
5342
7390
9147
5099
0
1784
3201
7356
3
7987
7922
258
734
6662
9900
7364
1794
11512
664
11574
664
8972
8860
2127
4340
5002
7913
7141
2244
0
4631
5027
664
7945
4987
7945
7945
29
9050
4900
7741
5264
26
26
8860
8004
9267
8004
4494
6312
6312
6312
7587
7913
4900
7344
7921
7971
3735
8066
7510
7510
9170
6054
4340
4915
540
26
4636
7984
1814
8860
3180
262
9
7310
889
6054
4607
6709
8004
4631
3334
3548
654
4684
5150
5131
3427
3427
9149
558
549
5654
10508
6270
6570
4518
664
741
7967
5690
7308
7974
9124
9124
9147
10495
6157
5303
434
7502
6270
7983
3527
4415
525
782
782
974
7913
7974
9149
3790
4965
7390
10494
7273
3785
3803
3864
3785
4916
4916
7941
4916
7977
7977
7977
7977
9151
9151
9151
4940
3864
7318
3864
3864
4940
4872
4872
4872
9330
9330
7935
9130
9130
9130
9130
0
3776
9330
7945
7977
9130
10494
3836
3836
7987
3732
9130
3836
7959
3803
9170
9170
9170
7364
664
4940
8010
9170
422
9267
4846
8467
8467
7275
9071
7510
7502
7390
61
5311
5248
7538
8015
5950
524
3739
3730
553
5120
5120
6566
7307
7310
549
7273
4947
9170
7950
3739
558
10510
6445
549
7342
181
5342
5487
4
3053
5565
5342
5342
3785
3785
7102
7983
8709
4325
10610
7942
549
9467
5144
5027
11688
514
3339
549
5487
7399
1930
1930
4637
4325
4404
11574
525
11572
5078
10576
7315
7362
7971
741
9034
3249
4554
4846
7722
5654
3
8860
7399
7348
1784
6763
4607
4607
3536
78
7390
5035
549
3880
3736
556
3864
4
3427
7357
10503
7155
7722
9695
9900
3
7510
1930
3053
7510
6570
9147
1864
3416
416
5146
5146
4909
4539
7365
3790
7276
3293
525
18
11603
6445
4962
4962
6570
5002
10482
7631
3864
6133
556
7913
9303
5306
3732
3497
7310
7310
5742
7419
514
6580
5027
6662
6043
5733
7364
2213
2162
565
3864
2142
7510
3416
664
416
3365
8992
4915
5331
10759
8860
8860
8066
4631
5002
258
4518
4518
9576
5002
5654
6472
6472
5933
9023
549
9130
4518
9211
654
4875
5120
556
558
3053
7155
5144
8004
385
7722
3074
549
9124
4981
7141
7141
7510
7399
9467
1832
7955
7967
3536
524
7959
7273
974
9034
7941
9
9
3784
9
7273
3826
7318
4883
9483
5834
33
3427
6566
7987
3836
3836
7987
3789
9170
7977
7977
3836
9330
3732
3785
4872
9170
1790
11574
8972
8972
26
3827
3127
9130
6270
9149
1849
4340
7273
9901
7942
9130
4926
7983
4952
4952
4952
4981
6270
6193
3864
1198
4358
1101
416
664
3732
3028
4401
4415
7913
711
18
5264
5872
9149
7350
9149
2142
4869
711
4631
1649
5030
3864
4883
7380
7380
7913
7950
9151
10610
7922
3732
7301
7356
3826
3882
4965
7243
4916
418
418
4214
7390
3755
6468
4983
3527
3536
416
7229
249
974
3214
1930
7310
4753
549
33
7921
514
3785
7329
7329
7329
383
7483
1817
7987
537
10939
4631
4631
9084
3836
7984
7310
3836
3836
8506
4214
556
7510
7502
11825
11825
11825
11825
11825
11825
11825
9207
535
2142
3864
1051
8860
8860
4214
8467
3759
10482
7312
10482
7318
7315
4671
4631
8010
9170
524
4872
7357
565
565
7967
7987
7984
7983
5027
525
10482
4981
7974
4926
7312
7329
7913
664
889
7102
6662
7102
6604
5711
9259
11825
7068
4834
9151
4916
4916
3803
3864
4834
9225
9225
7987
9225
10494
3836
3836
9023
9225
9151
9151
9023
9096
9130
7987
9023
9023
7987
3836
7987
3776
4947
7996
7273
7329
7273
7273
4987
7273
7273
4987
3736
3864
4916
3736
9151
7987
9187
4915
6270
7399
10772
2072
7955
7357
3180
7502
7483
11574
4987
5134
4981
11512
6270
7942
4915
4631
4631
782
416
3164
5870
434
0
664
9135
7955
9321
8004
1822
1832
249
782
782
6157
7510
6270
7350
9149
3214
10382
9321
7921
7404
10634
3542
7786
8838
7967
4846
525
8066
1019
8860
5486
558
664
7918
7955
7276
734
1887
10510
7365
3880
4753
7266
7243
4861
4965
3856
565
7275
7974
1994
3028
3548
3836
9147
4883
7977
8860
30
646
1791
664
7310
8872
8872
4940
4286
664
515
4393
4393
10986
4671
4631
664
3427
7941
9900
4900
5311
5257
18
6566
549
553
10387
9147
978
4549
8004
7344
7310
7310
11437
7984
7983
9141
7971
9149
3415
9900
7472
7068
26
416
5950
7978
9824
429
4440
7357
6054
3542
7510
6270
3028
3773
1051
4947
3180
298
957
957
5129
2134
1794
3859
7722
3536
4325
9147
4883
2142
782
10831
3826
2480
5030
5208
5257
5208
5227
26
7315
7987
4962
4631
4631
8066
7524
6578
9170
26
4
1191
7289
10831
5654
7984
9289
8860
4753
741
6570
664
553
7301
525
7980
9130
11931
416
664
5001
7310
33
4518
4549
4631
3249
9305
3763
5002
7984
10634
10510
7510
7510
5764
10831
7163
7231
7722
3109
3109
5264
4607
7987
4987
7913
4915
9147
258
258
7418
10831
5690
2142
7984
5360
5417
6662
6662
7068
7068
7068
9333
7318
7913
7918
9023
7987
7357
4965
4963
7977
7967
4631
3864
4404
4916
7967
4557
4862
4862
7941
4947
3864
4862
6472
3536
525
7918
664
10387
10387
10387
10387
10387
8835
7942
7975
7975
4554
8860
8860
3293
3785
4883
7736
4340
5311
3864
7387
6157
9483
556
18
1765
1784
3859
7472
11512
9130
7342
4861
4607
175
4837
9141
4987
4987
9141
6472
1794
3293
3542
5920
9467
7722
4325
7897
8004
9116
7945
7959
4962
3339
4883
4404
4415
3180
8467
10494
3864
2155
9130
5836
3214
3736
4607
4617
3028
9515
4353
9149
9457
6709
5736
2119
5342
5453
61
6662
549
549
549
549
6599
7130
4883
7631
5257
10508
10508
128
6604
3534
5736
7163
6270
4753
7330
7330
258
4
9050
3028
9483
4631
4
385
9922
416
537
5027
5027
1632
9149
9023
18
7736
5146
7273
4948
537
26
9303
5331
741
18
18
3732
1784
4883
3864
9435
4965
515
10366
4234
664
2382
3295
9170
7275
3864
556
10576
800
800
10503
11282
6140
5486
5486
5486
1685
7951
5870
7419
5654
7356
6260
3736
7308
7935
6312
7587
3730
3425
7786
974
10508
7913
6604
7163
5152
5099
5152
7502
4947
3836
5129
9211
664
416
416
3201
3201
7736
974
1685
7538
1784
1790
6472
515
6662
664
3883
7722
4897
9332
540
10388
9267
18
18
18
8467
8066
8860
2142
1019
6270
7510
5175
5257
6627
2142
1685
4347
3398
416
3087
8697
258
4340
26
659
10503
9259
10503
556
4554
7945
8015
8015
533
7941
7301
4872
9201
7935
7935
9170
664
5028
10503
7318
4963
10503
515
3773
6639
9130
9901
9901
9901
1930
9151
416
416
3180
7959
664
7996
6367
10503
249
4636
4631
11574
6472
8010
4325
3427
7318
6662
1129
9646
5742
4983
7924
298
11308
664
664
3736
5129
5257
7597
7597
8506
8506
1129
8506
7502
6472
549
1822
3028
5950
5950
9332
8860
2114
8860
4518
7356
5654
7946
394
8066
1790
416
9211
7950
3337
6157
4286
10759
10759
416
7722
3536
416
3593
416
7527
3730
6270
6270
1832
1869
3028
3127
6604
6604
6599
549
5654
6712
5764
5733
9151
416
8497
3864
7722
800
915
18
7996
558
7275
7510
5175
4
6570
1784
7510
782
3209
6472
7287
3789
3789
10772
10772
7390
5305
4876
7365
7950
4872
5129
5175
5208
5208
10634
5146
7510
7510
6270
5654
9187
2183
8872
8872
7984
4631
6468
9130
1996
4823
7289
4325
4340
3087
4347
11308
9900
3365
3365
4617
4
1784
9034
6662
6662
7967
9170
7357
7983
3148
11282
4631
18
385
385
1784
6400
6270
5736
3164
258
10503
7786
5834
7736
9483
8709
0
11512
4404
6662
1790
1765
978
633
7276
5950
6468
7502
1749
6157
6270
1685
7243
4823
4741
7356
3339
3339
3339
4987
3864
5208
978
7310
4
9187
4325
664
4947
9223
4347
4353
1790
10560
4983
18
18
18
4921
4
10382
7155
5736
5129
5129
5129
1784
7897
915
5606
18
7973
10759
4987
6604
11930
7987
10382
7364
3732
4940
7975
18
9164
4900
6550
3803
7983
4952
800
5120
5142
5248
5248
5564
4916
7310
7921
741
7163
11930
1129
4214
7918
7977
4909
10759
9457
4
11
1778
0
3164
3249
181
5303
5331
5015
7967
3736
5517
558
6367
11572
11572
11572
1129
8467
7289
3536
3429
3429
3416
3415
416
7329
9303
5654
5690
6564
7243
9130
7984
664
3864
7364
7913
633
6472
7945
5015
8835
10610
1175
1129
416
5120
5120
3201
416
416
416
6270
6270
18
3
4876
7130
6570
5669
5654
4549
7068
3180
3339
10610
4549
4631
5565
5342
4872
556
7996
7954
3164
8010
4823
7308
4963
7955
5257
9170
5152
18
4965
6548
4671
2142
3864
4401
659
9289
9023
4631
4631
6515
7155
6566
11843
537
3164
4876
7364
7996
782
7987
7734
3180
4359
6367
181
5257
8860
8860
8860
11308
10382
11327
11574
4325
4631
175
416
7722
4415
664
664
4415
664
7483
978
2142
978
1046
8872
8872
8872
8860
8872
7987
1046
1051
7273
9467
7913
2181
978
978
8860
8860
8860
8872
5406
6468
782
915
915
915
957
8463
4617
10494
5257
734
416
10939
10939
9467
8066
5933
9147
9072
4353
5028
4837
3028
3164
5042
8010
7380
9170
664
6270
6270
6270
175
6472
11572
7893
7950
6270
664
4987
664
535
5851
4607
5982
7734
0
7419
10831
4947
3548
9034
4862
5311
5264
7980
1790
6660
5257
6210
5303
5303
978
553
646
2213
10494
546
181
7419
7722
9467
6229
6229
7502
6140
5134
5134
9271
10503
26
3127
8467
8506
8463
1784
11848
6662
9141
7977
10382
2162
7266
4753
10382
7163
7141
4637
3536
4631
9071
664
8838
6472
11930
11
8860
9151
4916
4916
5264
3789
11512
4671
5834
5834
4607
7141
10976
9824
26
6400
0
3732
9141
6270
5152
2142
26
7942
3736
3209
515
4862
3785
4916
7983
4518
1814
5417
5417
5443
7404
4921
3214
1910
3164
4401
646
10503
1685
4607
4631
4987
7940
9170
26
7472
9271
26
4858
7350
7935
6662
537
434
7510
11414
5118
3199
7918
4983
1644
7722
9467
3341
5022
5022
5022
5022
5022
9149
7502
1668
6472
7510
6472
7510
6157
6270
6472
6367
6472
7510
5405
10382
11572
6270
3864
7984
9151
1739
6472
1790
549
7365
7913
9096
9096
264
6367
7974
4518
61
5417
4862
1706
633
9151
556
7971
4741
4897
3736
3803
3730
4921
5152
5146
26
7959
11572
4519
9646
9124
3201
7987
6604
663
4947
7941
7722
4359
5208
5120
11308
5733
1046
11574
7897
6536
4631
3773
26
3722
5950
7243
1019
4850
4810
7361
1942
7330
9174
4900
7921
6566
181
3293
9901
1832
4515
1685
5742
9170
6367
11572
6133
9023
6270
6270
6270
10494
6604
6599
3028
515
549
1864
4425
549
3
9147
10495
9147
10494
800
9151
7983
4637
4753
7913
7155
7231
3073
3730
9164
3542
11574
6133
9922
9922
9824
7360
9011
7360
4631
6157
10387
4358
3028
5405
9483
3127
3073
7273
26
11603
11603
11603
5175
5175
3732
18
9303
4858
9303
9305
4872
664
1784
1784
5257
8860
7974
4325
5654
7935
6210
11603
9175
8004
654
654
7983
9071
3803
3856
553
10904
7517
3427
3542
889
7594
3755
7329
3736
3074
6580
6662
7102
181
11902
3365
7786
3542
3398
654
9271
9147
9147
9147
9147
4518
4671
3880
8010
5405
6366
5690
5736
5654
10918
10918
7419
5736
530
6367
6210
7155
7155
7102
6662
9120
5129
33
5257
6581
3405
7399
5487
5487
537
843
1794
26
7786
7786
7786
553
3790
5027
3199
549
3415
422
8463
8506
8506
9211
10634
5210
5210
6515
537
4823
8000
4872
7987
394
3864
7318
9223
3763
4559
7913
11574
6472
6472
6270
664
3293
7913
2403
7955
9200
9200
4753
2155
2155
7921
6040
9303
2403
3074
9130
936
3427
3429
5152
5152
7304
298
0
5486
5486
5486
9124
9124
298
8860
1019
1019
8026
249
8860
258
7163
3789
3789
6472
4719
3536
3536
734
734
734
734
7231
7102
7163
6662
7308
7786
7318
3731
3146
782
533
4401
11574
11574
6210
11574
11574
6210
5417
3164
7722
3759
7950
2142
2142
2142
8872
9151
11574
6210
5001
9223
4460
4557
5001
7301
7390
7130
6662
4940
8004
4862
10587
9151
6260
18
10610
5146
5129
5146
5175
26
416
7786
7273
7356
7356
6270
6400
11512
9211
4947
3773
5002
5002
7310
6157
5134
9922
9922
416
3497
7102
4962
4962
1632
7364
4983
3127
7318
9130
7984
7068
537
7141
3542
7786
416
6270
5306
7996
11010
7362
26
5331
6468
6260
11574
10503
26
3864
7741
537
7356
1814
11825
6639
3864
7984
416
10382
10382
7722
1930
3763
3339
3427
6472
6472
6472
6472
9060
4359
4846
915
714
6566
7102
11931
11931
711
11761
889
4539
6270
10495
7935
9639
1864
1864
9467
7364
7996
26
7587
6639
7196
144
10503
416
9170
3790
10382
6578
5405
3074
5175
9147
978
8860
5764
5733
9267
7942
7996
7155
9124
380
3074
7472
3880
7983
4900
7942
6472
6367
3776
7987
6157
6157
6472
79
6662
7155
7217
7217
8860
7983
7983
7983
549
7736
3732
537
9223
9130
515
3882
7315
7959
7287
4876
1996
7275
18
5028
9151
6472
1765
9321
9322
7984
5405
10382
10382
10382
10382
4557
9170
7404
5549
5443
9170
5331
5306
4940
664
4916
4921
4921
4883
556
4916
3180
7364
7318
7310
7364
1668
7996
7318
565
4883
3427
3429
3429
416
3365
3365
5733
5764
26
558
8010
8010
8467
26
4862
4
525
4926
4237
10495
7974
5654
4325
4353
5736
7741
7741
258
664
5933
5134
3732
3732
3732
10656
6229
4606
4927
978
9255
7243
556
7365
7365
7243
6270
664
7974
7942
5950
5920
4940
6566
4631
530
3542
3427
714
6239
4753
8860
7510
9201
7941
10503
10503
3864
1784
9170
7318
7982
2155
4876
3180
3856
3763
7517
4617
4940
4340
4983
7273
10610
4
4
4
1778
558
7483
7483
556
5146
5144
4637
7342
7130
26
4947
3087
3773
3784
8004
4883
4883
1790
7318
4826
525
525
6472
3427
4876
11308
4607
5870
3792
7955
7984
3776
3776
5739
5736
9
9151
4554
3164
515
3427
3365
6569
3148
3836
936
4671
4671
4518
556
7980
743
9151
4617
4637
29
3365
3365
3365
3146
9130
9130
8835
6157
26
10503
26
6400
33
5342
4753
3053
936
4631
7310
11545
11545
7315
4947
10768
7913
6662
7977
26
664
664
530
5175
5208
7983
7357
2114
7722
8872
5120
5175
8015
654
6005
5296
5296
7949
558
6756
9023
5406
7308
5146
7275
7502
6400
175
540
7356
6604
11572
7301
26
26
5950
8838
3427
7786
4983
7365
6662
915
6400
11518
3789
7935
9151
4631
4353
4956
9011
6581
11931
7238
7357
7984
664
18
4916
7945
6140
9151
7977
9225
1723
7357
7356
5417
1778
945
5303
4909
7913
9130
6312
6270
6270
2134
6604
7315
3790
3739
7980
1864
7287
9259
8860
7987
978
7974
9164
3542
9900
1930
7597
2142
7942
7942
8860
2142
258
6043
6043
1996
7959
7502
9259
7102
7244
4883
4233
5257
10503
9291
9130
9467
7722
4962
4963
7155
2155
2142
8066
3730
6367
4
7231
6566
7229
6400
6712
7357
26
3864
7955
9130
3836
7273
537
8709
5340
258
5982
5982
9096
9096
1749
9149
4962
3536
9901
79
5306
4415
4415
6599
6599
6599
6599
6599
1778
633
7310
525
181
6662
6662
9305
6662
6706
3398
7962
9952
4926
175
4631
6566
181
181
6662
8506
7273
4233
10382
3180
10382
5022
3789
9228
664
7483
11449
3053
3053
3053
3147
1784
3147
1784
6472
11574
6468
6468
6157
66
8992
8992
3784
3864
4636
4983
10494
8992
664
6040
9259
10494
3836
7364
530
9695
26
9291
4869
1790
8992
4340
4
9151
7356
7987
10494
10494
6570
4606
5836
4983
9170
7315
9321
9321
9321
7940
664
7955
9023
664
3731
664
515
4876
7946
9321
7996
7996
9330
4862
26
26
26
664
7996
556
3323
3323
3864
4916
4916
4916
7982
7982
3297
3785
4987
664
9151
181
6662
9175
1832
4684
5311
5306
7843
5405
5736
7977
7955
8992
7918
9170
7932
5030
7974
4549
10382
10382
4549
4549
7483
4549
4671
4518
5836
5739
7945
26
7996
664
7942
553
5487
9151
664
1822
9151
9151
9151
9151
10494
1930
18
5028
9225
7315
7365
3329
3329
6040
7942
5950
7942
1765
734
1689
7356
7959
7329
664
1881
1994
9174
4
9330
7913
664
7276
565
1930
1930
10494
664
9151
8010
6140
9149
664
4916
3826
714
5950
3739
7303
7318
556
3864
9147
3
556
9164
7273
4900
4872
3864
4962
26
7942
1685
3880
7273
7955
7301
9223
5669
5736
664
3864
9170
7955
9023
978
9116
553
9034
515
7365
6548
6005
7984
7982
7982
3297
258
1634
1649
820
4947
9222
5950
26
5208
8467
10503
3323
6270
3826
6157
6239
6157
3293
3842
0
3164
7318
9576
3073
7517
4671
7921
540
5950
5152
5175
7308
5342
5486
7913
3286
3739
7913
7942
7942
9267
7308
6472
734
7741
11572
7155
1857
6157
79
664
4753
7163
3863
5042
6662
7987
8066
8860
974
8697
7587
7736
6472
5144
5264
664
6472
537
3536
5120
3164
4631
7983
3737
5417
7273
9050
9050
9050
9050
1832
4963
3789
4671
2155
4916
7954
7163
26
3739
6054
4719
7984
514
3
6566
7404
9
654
654
7483
11825
3736
5342
7357
7524
7155
2382
434
2176
3180
8066
8066
5099
7380
5264
5264
9259
648
8835
10768
5870
4637
7273
4753
11414
4753
181
181
7364
3773
5103
3864
5405
5405
648
385
3731
8709
3542
3542
3180
3180
4947
434
9259
5950
782
915
258
4883
4883
4883
7983
4416
2155
3731
258
4518
820
537
664
9901
3732
3880
3497
5933
664
7390
5417
5305
4916
843
249
820
7318
7472
2244
2134
4631
4
5099
5257
5257
7510
4340
3164
7275
5002
7273
5027
5950
974
7155
11574
4340
264
3856
6367
4486
5834
8992
6472
514
4
10494
7356
4987
3864
4940
5669
5654
537
558
3773
7722
7722
7722
7722
1101
1170
7786
7786
7380
7275
10610
10610
10610
4631
4671
4358
7942
4965
8016
3883
9149
7404
11825
10366
10503
5030
556
9259
3497
3452
3836
6054
5950
8010
3329
6472
181
18
1784
1739
394
9553
9515
6639
6570
9901
3199
175
7251
553
6662
7524
7244
8860
8860
9170
530
1996
30
4834
6662
7987
1996
385
10772
10759
4987
4987
4883
7102
11843
9271
5000
4637
4631
4554
4631
7261
9164
524
3427
3859
3199
4671
5027
5027
4353
936
7287
3
533
5296
5406
5406
5406
7365
7980
7510
6472
9223
5129
5208
3773
3730
9900
5669
5331
11574
7365
9170
5405
3739
7360
4636
18
7987
3180
7913
7364
664
9096
524
26
4415
4337
4337
4325
3732
4337
9050
3826
26
7984
7722
7350
7982
0
3292
3864
4897
7996
7335
664
7510
6472
26
7984
2155
5933
7983
9151
3053
3058
4875
416
6662
5993
4916
3536
7243
1170
8066
7950
3209
4965
4927
6400
11449
6199
7940
4987
9151
9151
2119
3864
5142
9130
7304
9164
3339
8066
6270
6260
6157
7329
782
7502
5733
5736
3803
7973
10382
3053
7722
3053
7722
26
9332
1784
4631
3542
7724
9467
5733
26
5549
5654
4862
4965
7330
9321
4987
5606
9900
664
525
2240
2240
734
1689
7942
3773
5736
664
9321
4876
9023
7390
9305
4965
2142
8066
9305
3295
3295
4617
3773
7987
5405
5142
9149
7275
664
7217
6548
7141
7163
7163
7163
9130
6604
181
6662
4631
9151
1814
524
3789
6472
6400
664
7722
3883
10503
26
654
5950
9225
525
9211
3180
7318
5324
10772
5331
4975
6366
6157
553
9060
7356
7231
7231
26
8860
8860
664
3739
3730
664
9267
7310
7950
7315
7946
7978
7312
7913
3880
663
4876
4876
18
515
7913
4753
4983
8697
258
8697
843
7068
7068
7978
383
7950
6599
6662
3826
4927
8972
5146
820
1051
1051
2131
3339
7978
7722
3739
26
1814
3803
889
416
3864
3864
6570
9164
7984
7950
7399
5306
3542
5042
5042
7975
1668
0
4549
7360
7360
7360
3536
416
5015
3180
3180
3180
7741
181
7942
549
3147
3028
4897
4861
416
7786
6210
9170
7955
7329
3201
3201
3201
10494
7068
6604
9333
9646
664
7310
9333
7962
556
1906
9023
4900
7955
7951
7329
540
9147
7390
416
9130
9223
422
9147
9147
9147
9147
9147
7273
4404
5129
9296
3739
4861
8463
8860
6570
6570
7918
10494
4897
4897
5257
7308
7631
2162
8972
1019
2142
8860
8860
7984
4810
7971
7360
7287
3
7342
3164
556
4858
4965
9130
5027
7983
9170
4549
5564
9170
26
7318
4940
4926
9130
4869
9296
26
5654
5654
9124
9147
9124
9124
9147
6367
5920
7983
7587
3201
7318
7786
429
3485
3497
1790
1882
1790
1790
9207
7736
5331
7390
3415
978
978
3763
9296
5443
7924
889
8697
7364
4965
2142
3164
664
9330
9330
7736
4823
11327
5152
7102
4325
4416
6712
3334
6566
6566
6662
7935
556
26
7380
7380
7913
26
4876
6599
9225
537
7897
7941
2403
7348
7974
7918
5654
5654
3739
5736
9059
7996
7141
5027
7921
416
3429
7736
3028
1689
1784
4631
654
4671
4883
66
7068
556
8
10759
5564
61
4987
3842
4393
4
11050
4987
5264
5486
6054
9337
4719
5150
7308
7130
4810
10768
7631
2244
3773
3730
5736
2072
10437
4962
7954
7310
6566
1059
1019
2119
9259
7996
9130
7196
7114
7301
515
9321
9321
7736
5027
9305
5405
3548
3405
3542
3542
7913
4975
385
1778
9130
3028
5030
3334
2162
7243
4965
4965
7155
6639
7068
5340
7068
4823
7724
3023
10510
5264
10510
8972
3416
711
5208
9151
3334
4965
7483
7741
515
6639
9321
7942
7510
7951
7977
7360
7483
10503
3452
7342
6400
4637
4637
3365
535
5736
4810
7977
654
2072
8004
664
5487
5487
416
3427
7308
7308
664
4606
10503
4916
26
4404
9151
5428
9130
7913
9333
7356
416
8860
7163
7155
7418
8467
4915
7357
6312
6548
6599
7102
6570
5993
10576
4631
4607
7090
416
5099
6662
7141
10494
7155
7155
7155
7483
6270
7114
7114
7114
553
553
4823
4823
11437
4823
782
258
9289
5175
5175
5175
5175
5120
5120
5120
5120
4
530
7310
6270
6580
8066
7304
7114
7114
7114
6566
416
3339
3180
6270
3329
8010
655
7229
3856
6564
2127
7318
7318
8066
8709
6566
553
3536
654
3864
3880
4963
2183
10494
4883
4883
549
7273
7987
7308
4875
249
6133
7945
3536
416
7362
3880
3427
6627
5654
5736
7959
7984
7893
556
2142
9187
1825
8463
7130
6599
26
7357
7231
7996
7996
7318
5306
5144
5144
4614
9303
6472
4897
3736
4876
9225
4883
4916
4883
3883
7266
181
7155
7155
18
9151
9151
9151
7983
4846
3789
3864
3864
7329
26
1910
782
9
4823
5933
4539
5742
5669
4916
7273
659
7273
7971
4962
4416
6662
10576
7983
6270
11574
11574
11574
6367
6367
6367
6367
5324
915
915
915
915
7942
7942
3773
7318
1198
3864
10503
10576
9267
2142
8860
8860
8860
8860
2114
3730
4965
7955
9124
5027
5027
7955
9225
7310
7344
714
3542
3214
3732
3732
3732
7996
4607
4631
4549
7932
3784
7932
8872
4962
537
4897
9305
6367
6270
6270
6270
7502
11572
6260
6229
6133
6472
3416
9824
5175
4607
4607
5834
4631
4
7945
6054
8463
1881
0
3164
5360
4916
249
8697
8697
9164
4883
549
6662
7102
6599
1175
7736
9271
10494
6270
978
7940
385
4909
7068
6569
7913
2162
2127
664
6270
6193
11512
7308
4518
4861
9147
9147
7984
10587
4916
9151
7984
7942
262
7786
9900
654
1790
9901
7483
7984
7722
3427
9059
7987
5417
7390
9901
4883
4883
9901
5129
4549
7348
7348
514
10772
5487
1930
3864
7987
7987
9225
5993
4983
3329
7973
9332
7310
7155
4329
9267
9149
7155
6472
6239
7472
26
26
9303
7941
515
8066
9147
978
4897
4909
2142
2142
8838
2176
434
8972
8972
8972
2114
8860
26
7946
3180
3180
26
11512
5002
5002
3028
4233
4358
3497
7984
7983
7984
7984
9922
9922
6599
6599
9467
6468
6157
6468
6468
3497
3146
1668
9060
9060
7983
7983
5027
7983
3497
418
3497
3497
429
9900
7722
385
7987
5933
5933
3739
7950
4631
4631
9023
6472
3073
5264
10510
2142
2162
2162
1046
978
7918
7918
7918
5257
5175
33
5257
9553
2072
7155
7068
5103
5764
7786
7786
7510
9207
4353
26
3339
9225
3737
3028
3132
26
7942
79
4340
8004
7483
7483
7949
7483
7483
4549
258
5690
633
7344
3028
4233
664
3295
3295
3295
6569
7940
3180
664
7360
7360
5227
5208
1881
1881
3053
6445
6239
5654
6706
10576
5120
9695
10560
5175
10610
18
5175
3838
664
553
537
1129
5870
10482
6566
11572
7068
9289
1930
1906
1906
1930
4962
26
7974
5015
4983
4916
7310
4916
7361
3836
3836
3836
4940
7273
7950
9050
6312
11572
4947
5257
5257
8460
0
0
0
4872
7141
434
556
4940
664
7959
11572
6472
7510
6270
7510
6270
5248
5248
7736
7736
3862
3732
4940
9151
8970
6662
7949
10634
10628
5210
5208
3776
5248
5210
664
5836
3323
3180
7155
7950
3323
8835
3164
7365
7365
26
558
5950
26
3132
4
4
4
4415
4415
4415
9330
7955
6581
181
6566
5870
9303
9303
7310
6599
6599
6662
6566
6566
7068
7163
7155
7196
7155
1864
540
1996
6157
6270
5654
3826
4345
4883
4999
11825
7524
26
10494
7974
3053
9515
4875
6140
6140
6140
9124
9124
9059
3789
565
553
7364
9060
6566
4518
4518
4631
7967
7978
7978
416
4631
4631
540
9050
7949
7949
5022
434
3427
416
416
416
7364
429
9901
3542
3536
7786
5653
26
7724
8835
2176
416
416
4393
4393
6400
7935
7974
7893
7587
3864
7597
741
5175
3856
3739
3790
3148
4337
4345
6599
6599
416
416
416
7982
383
7978
4965
7921
11010
262
262
7975
558
7418
10831
10831
5653
249
1019
8860
2176
10759
10759
4606
4234
4234
9900
4631
4233
1778
10576
3542
741
4515
11825
7508
3427
7786
416
3427
3427
4549
4549
4823
8860
2162
4684
109
26
5669
5711
5742
7335
4962
4947
11545
3739
3739
3739
3739
7987
7356
7356
5950
5950
10628
3295
5264
1794
6472
416
3536
4631
5227
3429
7736
9170
3739
9321
4897
4897
3730
3730
4897
4897
7318
7472
5039
524
3739
2142
2127
5669
10831
5736
5690
3415
9130
7962
3732
1910
1910
1910
7921
6157
7510
6270
6270
6270
1910
1910
3146
6472
1784
1784
9646
3164
3209
7982
7364
4947
4983
7315
7977
11274
6270
5360
5453
7155
7243
6472
3776
7913
1689
553
9330
5982
11931
2403
3342
5486
11385
6054
3339
7984
9164
525
9223
7342
664
11512
11512
10503
4975
549
549
549
549
9060
9170
9333
9333
4486
4631
664
6366
9321
7921
10503
2176
10382
5736
7141
4826
515
7357
3730
5257
974
4926
5015
9164
3147
7102
7261
0
7342
1790
7736
2142
535
535
535
7955
4962
5027
7975
3427
7913
7913
9900
3536
10628
3073
3073
7736
10679
5487
7301
3737
633
7356
11327
10576
10576
5129
9900
